0.724775
4.80652e-005
4.95402e-005
4.94893e-005
4.97437e-005
4.89299e-005
4.69971e-005
4.52677e-005
4.8523e-005
5.22359e-005
4.87264e-005
5.05066e-005
4.61833e-005
4.74548e-005
4.8523e-005
4.53186e-005
4.8879e-005
4.86247e-005
5.03031e-005
4.84721e-005
4.94385e-005
4.91333e-005
4.57764e-005
4.49626e-005
5.16764e-005
4.98962e-005
4.83704e-005
5.11678e-005
4.93368e-005
5.03031e-005
4.75057e-005
4.78109e-005
4.70479e-005
4.65393e-005
5.23376e-005
4.62341e-005
4.65393e-005
5.14221e-005
4.80652e-005
5.09644e-005
5.16256e-005
4.53695e-005
4.80652e-005
4.93368e-005
4.92859e-005
5.12695e-005
4.58781e-005
5.08626e-005
5.18799e-005
5.08626e-005
5.20833e-005
4.76074e-005
4.58781e-005
5.06592e-005
4.82178e-005
4.776e-005
5.02523e-005
4.96419e-005
5.09644e-005
4.71497e-005
5.16764e-005
4.81669e-005
4.27755e-005
5.42196e-005
4.99471e-005
4.89299e-005
5.05066e-005
4.89807e-005
5.00997e-005
4.84212e-005
4.70479e-005
5.071e-005
4.49117e-005
5.25411e-005
4.74548e-005
4.61324e-005
5.11169e-005
4.53695e-005
4.93876e-005
4.91842e-005
4.73022e-005
4.97945e-005
4.9235e-005
4.93368e-005
5.08626e-005
4.8879e-005
4.96419e-005
4.6285e-005
5.04557e-005
5.17782e-005
4.6285e-005
4.57764e-005
5.01506e-005
4.94893e-005
4.91333e-005
4.94893e-005
4.53695e-005
4.85738e-005
4.83704e-005
5.17273e-005
5.00488e-005
4.61833e-005
5.19307e-005
4.83704e-005
5.071e-005
5.26428e-005
4.9235e-005
5.03031e-005
5.071e-005
4.8523e-005
4.93368e-005
4.8116e-005
4.95402e-005
5.03031e-005
4.76074e-005
5.06083e-005
4.53695e-005
4.84212e-005
4.89299e-005
5.25411e-005
4.8116e-005
5.071e-005
4.88281e-005
4.90316e-005
4.93876e-005
5.08626e-005
4.75057e-005
4.81669e-005
5.02014e-005
5.00997e-005
4.84721e-005
4.776e-005
4.87264e-005
4.82178e-005
4.96419e-005
4.776e-005
4.98454e-005
5.07609e-005
5.01506e-005
5.1829e-005
4.84721e-005
4.83704e-005
4.82178e-005
4.94385e-005
5.38127e-005
4.90824e-005
4.8523e-005
5.02014e-005
5.01506e-005
5.17273e-005
5.1473e-005
4.85738e-005
4.80143e-005
4.92859e-005
5.02523e-005
4.91333e-005
4.63867e-005
4.98962e-005
5.04557e-005
5.06083e-005
5.18799e-005
4.7404e-005
4.52169e-005
4.97437e-005
5.16764e-005
4.75057e-005
4.61324e-005
5.31006e-005
4.97945e-005
5.03031e-005
4.94893e-005
4.98454e-005
4.75057e-005
4.96419e-005
5.09644e-005
4.94385e-005
5.20833e-005
5.21342e-005
5.02014e-005
5.01506e-005
4.69462e-005
4.80652e-005
4.95402e-005
5.15238e-005
4.9998e-005
5.08626e-005
5.19307e-005
4.90316e-005
4.96928e-005
5.18799e-005
4.8116e-005
5.05575e-005
4.90824e-005
5.14221e-005
5.21851e-005
5.04049e-005
5.22868e-005
4.76583e-005
5.11678e-005
5.13713e-005
4.99471e-005
4.88281e-005
5.00488e-005
5.1829e-005
5.06083e-005
5.17782e-005
5.07609e-005
5.01506e-005
5.23885e-005
4.95911e-005
5.18799e-005
4.79126e-005
5.30497e-005
4.96419e-005
5.2592e-005
5.04557e-005
5.071e-005
4.94385e-005
5.20325e-005
4.98962e-005
5.04557e-005
5.19816e-005
5.09135e-005
5.32023e-005
4.97945e-005
5.16256e-005
4.8116e-005
5.0354e-005
5.32023e-005
5.2948e-005
5.03031e-005
5.02014e-005
5.18799e-005
5.16256e-005
5.06083e-005
5.1473e-005
4.76583e-005
4.83195e-005
5.24902e-005
5.17273e-005
4.84212e-005
5.27954e-005
5.16256e-005
5.08626e-005
5.04049e-005
5.06083e-005
4.83704e-005
4.94385e-005
5.13204e-005
5.22868e-005
5.24394e-005
5.05066e-005
5.17782e-005
5.11678e-005
5.38635e-005
5.32532e-005
5.16256e-005
5.22359e-005
4.97945e-005
5.15238e-005
5.48299e-005
5.23376e-005
5.04557e-005
5.02014e-005
5.43722e-005
5.16256e-005
4.84721e-005
5.20833e-005
5.21851e-005
5.20325e-005
5.55929e-005
5.17273e-005
4.87264e-005
5.05066e-005
5.06592e-005
5.20325e-005
5.00997e-005
5.31514e-005
5.07609e-005
5.3304e-005
5.28463e-005
5.17782e-005
4.64376e-005
4.9998e-005
4.79635e-005
5.06083e-005
5.36601e-005
5.15238e-005
5.11169e-005
5.4067e-005
5.24394e-005
4.80143e-005
4.97945e-005
5.4423e-005
5.20325e-005
5.35583e-005
5.31514e-005
5.21851e-005
5.32023e-005
5.49825e-005
5.2592e-005
5.00488e-005
5.01506e-005
5.24394e-005
5.19816e-005
5.21851e-005
5.42704e-005
5.39144e-005
5.19307e-005
5.57454e-005
4.97437e-005
4.97437e-005
5.14221e-005
5.22868e-005
5.48299e-005
4.98962e-005
5.67118e-005
4.94893e-005
5.24902e-005
5.38635e-005
5.34566e-005
5.38127e-005
5.06592e-005
5.16764e-005
5.34058e-005
5.38127e-005
5.13713e-005
5.45247e-005
5.40161e-005
5.26937e-005
5.23376e-005
5.02523e-005
5.32532e-005
5.2592e-005
5.5186e-005
5.34566e-005
5.00488e-005
5.34566e-005
5.36092e-005
5.48808e-005
5.25411e-005
5.22868e-005
5.48808e-005
5.40161e-005
5.60506e-005
5.54911e-005
5.32023e-005
5.32532e-005
5.38127e-005
5.19307e-005
5.4067e-005
5.4423e-005
5.5898e-005
5.93058e-005
5.06083e-005
5.48299e-005
5.31006e-005
5.19307e-005
5.52368e-005
5.40161e-005
5.53894e-005
5.31514e-005
5.27954e-005
5.40161e-005
5.45247e-005
5.57454e-005
5.35075e-005
5.14221e-005
5.63558e-005
5.57454e-005
5.73222e-005
5.46773e-005
5.47791e-005
5.62032e-005
5.3304e-005
5.29989e-005
5.33549e-005
5.37109e-005
5.60506e-005
5.41687e-005
5.4067e-005
5.58472e-005
5.53385e-005
5.38635e-005
5.48808e-005
5.35075e-005
5.44739e-005
5.71187e-005
5.5186e-005
5.51351e-005
5.53385e-005
5.33549e-005
5.59489e-005
5.56437e-005
5.80851e-005
5.23885e-005
5.43213e-005
5.85429e-005
5.4423e-005
5.71696e-005
5.88481e-005
5.62032e-005
5.56946e-005
5.53894e-005
5.68644e-005
5.72713e-005
5.56946e-005
5.74748e-005
5.54403e-005
5.67118e-005
5.66101e-005
5.26937e-005
5.28463e-005
5.72713e-005
5.88481e-005
5.63558e-005
5.62032e-005
5.57454e-005
5.7017e-005
5.44739e-005
5.53385e-005
5.75256e-005
5.82886e-005
5.80343e-005
5.49825e-005
5.68136e-005
5.76274e-005
5.64067e-005
5.7017e-005
5.70679e-005
5.79834e-005
5.70679e-005
5.57454e-005
5.91024e-005
6.1086e-005
5.65592e-005
5.90006e-005
5.60506e-005
5.63049e-005
5.83903e-005
5.50334e-005
5.6661e-005
5.84412e-005
5.63049e-005
5.51351e-005
5.78308e-005
5.76274e-005
5.62541e-005
5.85937e-005
5.83903e-005
5.38635e-005
5.76274e-005
5.68136e-005
6.16455e-005
5.81868e-005
5.88989e-005
5.38635e-005
5.76782e-005
5.90006e-005
6.08826e-005
5.97127e-005
5.99162e-005
6.13912e-005
5.7373e-005
6.02214e-005
6.26119e-005
6.14421e-005
5.62032e-005
5.91024e-005
6.03739e-005
5.99162e-005
5.97127e-005
6.05774e-005
5.91532e-005
6.04248e-005
6.05265e-005
5.77291e-005
5.77291e-005
6.10352e-005
6.02722e-005
5.74748e-005
6.01705e-005
5.85937e-005
6.05265e-005
6.12386e-005
5.83394e-005
6.02214e-005
6.05265e-005
6.29171e-005
6.30697e-005
6.28154e-005
6.13403e-005
6.08826e-005
6.15438e-005
6.23576e-005
6.03231e-005
6.27136e-005
6.60197e-005
6.43921e-005
6.30188e-005
6.46973e-005
5.68136e-005
6.2561e-005
6.52059e-005
6.49007e-005
6.17472e-005
6.20015e-005
6.31714e-005
6.87663e-005
6.30697e-005
6.71387e-005
6.50533e-005
6.29171e-005
6.30188e-005
6.26628e-005
6.35783e-005
6.20015e-005
6.24084e-005
6.36292e-005
6.13912e-005
6.38326e-005
6.17472e-005
6.38326e-005
6.27136e-005
6.53585e-005
6.45447e-005
6.44938e-005
6.38326e-005
6.1849e-005
6.41378e-005
6.44938e-005
6.14421e-005
6.02214e-005
6.75964e-005
6.3324e-005
6.5155e-005
6.57145e-005
6.5918e-005
6.45955e-005
6.81559e-005
6.5918e-005
6.36292e-005
6.92749e-005
6.84102e-005
6.84611e-005
6.28662e-005
6.59688e-005
6.61214e-005
6.73421e-005
6.39852e-005
6.36292e-005
6.49007e-005
7.05973e-005
6.80033e-005
6.77999e-005
6.82577e-005
6.57145e-005
6.87663e-005
6.48499e-005
6.8868e-005
6.60197e-005
6.5918e-005
7.04956e-005
6.89189e-005
6.40361e-005
6.70369e-005
6.40361e-005
6.84611e-005
6.89697e-005
6.57145e-005
6.7749e-005
6.70878e-005
7.0343e-005
6.30697e-005
6.97327e-005
7.1818e-005
7.20723e-005
6.94275e-005
6.76982e-005
6.93258e-005
7.21232e-005
6.83594e-005
7.11568e-005
7.52258e-005
6.89697e-005
7.14111e-005
6.86646e-005
6.90715e-005
7.15637e-005
7.17672e-005
6.96309e-005
7.37508e-005
7.35982e-005
7.30896e-005
7.20215e-005
7.39034e-005
7.37508e-005
7.04956e-005
7.33439e-005
7.7006e-005
7.14111e-005
7.17672e-005
7.35982e-005
7.68534e-005
7.24284e-005
7.16146e-005
7.32422e-005
7.41069e-005
7.41577e-005
7.35982e-005
7.43103e-005
7.54293e-005
7.30896e-005
7.44629e-005
7.52258e-005
7.52767e-005
7.56836e-005
7.43612e-005
7.77181e-005
7.62939e-005
7.59379e-005
7.5531e-005
7.54293e-005
7.84302e-005
7.63957e-005
7.72095e-005
7.61414e-005
7.5175e-005
7.89388e-005
7.81759e-005
7.8125e-005
8.13293e-005
7.68026e-005
7.69043e-005
7.81759e-005
7.98543e-005
7.81759e-005
7.97526e-005
7.95492e-005
7.92948e-005
7.7006e-005
7.77181e-005
7.93966e-005
7.63448e-005
8.0719e-005
7.75655e-005
7.96e-005
8.04138e-005
7.86845e-005
8.22449e-005
7.86336e-005
7.76164e-005
7.85828e-005
0.000733337
9.23665e-005
9.39941e-005
8.88062e-005
9.32312e-005
9.08407e-005
9.00777e-005
9.6639e-005
9.52148e-005
9.79614e-005
9.58761e-005
9.48588e-005
9.5164e-005
0.00010025
9.70459e-005
9.66899e-005
0.000102488
9.97416e-005
9.79614e-005
9.74528e-005
9.53166e-005
0.000102081
9.86735e-005
9.87244e-005
9.91313e-005
9.91821e-005
0.000102437
9.93347e-005
0.000102743
0.000103811
9.8877e-005
0.000103505
0.000100657
0.000101013
0.000104014
0.000107931
0.00010732
0.000106506
0.000100199
0.000108744
0.000103709
0.000108999
0.000104828
0.000105387
0.000106812
0.000110474
0.000111135
0.000108795
0.000112712
0.000109202
0.000110118
0.000105947
0.000112101
0.000109355
0.000114695
0.000114644
0.000113475
0.000113169
0.000113932
0.000114441
0.000117747
0.000109304
0.000112661
0.000115255
0.000117391
0.000118561
0.000115662
0.000114848
0.000118052
0.000115763
0.000116831
0.000115712
0.000119222
0.000117238
0.000121002
0.000119832
0.000119273
0.000125122
0.000119069
0.000118713
0.000123596
0.000129649
0.000124613
0.000118764
0.000127767
0.000126139
0.000121969
0.000125376
0.000123342
0.000128733
0.000127106
0.000129852
0.000131175
0.00013087
0.000127869
0.000128632
0.000135345
0.000135345
0.000130514
0.000131582
0.000133769
0.000130259
0.000137533
0.000138652
0.000136414
0.000131378
0.000135701
0.000136668
0.000132294
0.000134176
0.000138601
0.000138448
0.000139364
0.000126394
0.000134379
0.000127614
0.000125936
0.000127055
0.000129852
0.000127869
0.000132497
0.00012797
0.000128988
0.000127207
0.000133362
0.00013031
0.000131683
0.000133464
0.000131073
0.000132904
0.000131531
0.000132243
0.000137583
0.000135498
0.000136515
0.000138194
0.000141856
0.000137838
0.000137685
0.000137177
0.000139058
0.000143077
0.000144755
0.000144602
0.000141551
0.00014684
0.000143687
0.000144043
0.000144653
0.00014384
0.000142314
0.000145467
0.000146383
0.000145365
0.000144399
0.000148061
0.00015391
0.000151418
0.000149689
0.000155538
0.000156555
0.000149892
0.000155741
0.000157369
0.000157878
0.000158844
0.000156097
0.000156352
0.00015981
0.0165039
0.000266368
0.000263418
0.000266774
0.000266978
0.000262705
0.000266062
0.000270437
0.000268351
0.000267232
0.000272624
0.000265198
0.000262604
0.000266571
0.000271301
0.000263875
0.000274404
0.000266825
0.000275167
0.000273794
0.000273031
0.000276082
0.000267537
0.000278931
0.000269674
0.000268606
0.000272064
0.000273132
0.000279388
0.000272369
0.000270233
0.000275167
0.000275523
0.000277201
0.000281372
0.000273895
0.000270335
0.000277608
0.000279897
0.000279134
0.000283407
0.000276489
0.000284373
0.000279083
0.000285339
0.000284882
0.000282593
0.00028417
0.000286509
0.000288391
0.000277812
0.000295461
0.00029185
0.000279846
0.000287221
0.000292409
0.000294037
0.000289714
0.000293884
0.000292104
0.000292562
0.000292562
0.00029541
0.000290324
0.000290222
0.000298564
0.000299683
0.000297546
0.000302327
0.000302633
0.000295461
0.000299479
0.000303141
0.000308075
0.000304972
0.000309041
0.000306244
0.000305837
0.000302887
0.000309499
0.00030187
0.000305583
0.000301361
0.000307414
0.000303548
0.000310974
0.000311991
0.000307566
0.000320943
0.000321655
0.000328979
0.000256755
0.000146688
0.000145976
0.000138702
0.000136414
0.000133667
0.000124308
0.000124105
0.000118713
0.000116781
0.000106608
0.000104879
9.87244e-005
9.45536e-005
8.85518e-005
8.23466e-005
7.75146e-005
7.5887e-005
6.9224e-005
6.27136e-005
5.85429e-005
5.34058e-005
4.89299e-005
4.3691e-005
4.17582e-005
3.59599e-005
3.05176e-005
2.87882e-005
2.58891e-005
1.82597e-005
2.02942e-005
1.69373e-005
1.4445e-005
1.12915e-005
9.71476e-006
7.98543e-006
6.86645e-006
4.98454e-006
5.08626e-006
3.61125e-006
3.05176e-006
2.39054e-006
2.28882e-006
1.88192e-006
1.37329e-006
7.12077e-007
5.59489e-007
5.59489e-007
3.56038e-007
1.01725e-007
5.08626e-008
1.01725e-007
0
0
0
0
0
0
0
0
0
0
0
0
0
0
0
0
0
0
0
0
0
0
0
0
0
0
0.17192
0
0
0
0
0
0
0
0
0
0
0
0
0
0
0
0
0
0
0
0
0
0
0
0
0
0
0
0
0
0
0
0
0
