192 1024 100 1 386.617 50853.4 16.8 0.1 3.67 0 0 -5 -3 -3 -3 3 3 3
192 1024 100 1 352.896 55712.7 18.4991 0.1 3.67 0 0 -5 -3 -3 -3 3 3 3
192 1024 100 1 353.98 55542.1 18.3474 0.1 3.67 0 0 -5 -3 -3 -3 3 3 3
192 1024 100 1 437.399 44949.4 14.7993 0.2 3.67 0 0 -5 -3 -3 -3 3 3 3
192 1024 100 1 438.77 44808.9 14.8053 0.2 3.67 0 0 -5 -3 -3 -3 3 3 3
192 1024 100 1 438.534 44833 14.7995 0.2 3.67 0 0 -5 -3 -3 -3 3 3 3
192 1024 100 1 483.72 40645 13.3383 0.3 3.67 0 0 -5 -3 -3 -3 3 3 3
192 1024 100 1 484.242 40601.2 13.3999 0.3 3.67 0 0 -5 -3 -3 -3 3 3 3
192 1024 100 1 484.504 40579.2 13.4162 0.3 3.67 0 0 -5 -3 -3 -3 3 3 3
192 1024 100 1 499.417 39367.5 13.2518 0.4 3.67 0 0 -5 -3 -3 -3 3 3 3
192 1024 100 1 500.905 39250.6 12.9205 0.4 3.67 0 0 -5 -3 -3 -3 3 3 3
192 1024 100 1 500.693 39267.2 13.2942 0.4 3.67 0 0 -5 -3 -3 -3 3 3 3
192 1024 100 1 502.741 39107.2 12.8955 0.5 3.67 0 0 -5 -3 -3 -3 3 3 3
192 1024 100 1 503.648 39036.8 12.9191 0.5 3.67 0 0 -5 -3 -3 -3 3 3 3
192 1024 100 1 503.498 39048.4 12.8956 0.5 3.67 0 0 -5 -3 -3 -3 3 3 3
192 1024 100 1 497.779 39497 12.9346 0.6 3.67 0 0 -5 -3 -3 -3 3 3 3
192 1024 100 1 499.003 39400.2 12.9563 0.6 3.67 0 0 -5 -3 -3 -3 3 3 3
192 1024 100 1 499.259 39380 12.9947 0.6 3.67 0 0 -5 -3 -3 -3 3 3 3
192 1024 100 1 493.802 39815.1 13.1533 0.7 3.67 0 0 -5 -3 -3 -3 3 3 3
192 1024 100 1 493.545 39835.9 13.1602 0.7 3.67 0 0 -5 -3 -3 -3 3 3 3
192 1024 100 1 493.411 39846.7 13.155 0.7 3.67 0 0 -5 -3 -3 -3 3 3 3
192 1024 100 1 486.921 40377.8 13.2676 0.8 3.67 0 0 -5 -3 -3 -3 3 3 3
192 1024 100 1 488.072 40282.6 13.319 0.8 3.67 0 0 -5 -3 -3 -3 3 3 3
192 1024 100 1 487.213 40353.6 13.2468 0.8 3.67 0 0 -5 -3 -3 -3 3 3 3
192 1024 100 1 481.434 40838 13.4481 0.9 3.67 0 0 -5 -3 -3 -3 3 3 3
192 1024 100 1 480.717 40898.9 13.6157 0.9 3.67 0 0 -5 -3 -3 -3 3 3 3
192 1024 100 1 481.357 40844.5 13.4127 0.9 3.67 0 0 -5 -3 -3 -3 3 3 3
192 1024 100 1 476.416 41268.1 13.5694 1 3.67 0 0 -5 -3 -3 -3 3 3 3
192 1024 100 1 476.65 41247.9 13.5732 1 3.67 0 0 -5 -3 -3 -3 3 3 3
192 1024 100 1 477.686 41158.4 13.6123 1 3.67 0 0 -5 -3 -3 -3 3 3 3
192 1024 100 1 471.216 41723.5 13.7473 1.1 3.67 0 0 -5 -3 -3 -3 3 3 3
192 1024 100 1 471.427 41704.9 13.7695 1.1 3.67 0 0 -5 -3 -3 -3 3 3 3
192 1024 100 1 471.132 41731 13.7568 1.1 3.67 0 0 -5 -3 -3 -3 3 3 3
192 1024 100 1 467.266 42076.2 13.9056 1.2 3.67 0 0 -5 -3 -3 -3 3 3 3
192 1024 100 1 466.486 42146.6 13.9648 1.2 3.67 0 0 -5 -3 -3 -3 3 3 3
192 1024 100 1 467.368 42067.1 13.9926 1.2 3.67 0 0 -5 -3 -3 -3 3 3 3
192 1024 100 1 461.825 42572 13.9685 1.3 3.67 0 0 -5 -3 -3 -3 3 3 3
192 1024 100 1 462.899 42473.2 14.0641 1.3 3.67 0 0 -5 -3 -3 -3 3 3 3
192 1024 100 1 462.236 42534.1 14.0078 1.3 3.67 0 0 -5 -3 -3 -3 3 3 3
192 1024 100 1 457.888 42938 14.0992 1.4 3.67 0 0 -5 -3 -3 -3 3 3 3
192 1024 100 1 459.228 42812.7 14.1198 1.4 3.67 0 0 -5 -3 -3 -3 3 3 3
192 1024 100 1 459.327 42803.5 14.1233 1.4 3.67 0 0 -5 -3 -3 -3 3 3 3
192 1024 100 1 458.03 42924.7 14.1622 1.5 3.67 0 0 -5 -3 -3 -3 3 3 3
192 1024 100 1 457.392 42984.6 14.2054 1.5 3.67 0 0 -5 -3 -3 -3 3 3 3
192 1024 100 1 457.587 42966.3 14.1643 1.5 3.67 0 0 -5 -3 -3 -3 3 3 3
192 1024 100 1 455.314 43180.8 14.2002 1.6 3.67 0 0 -5 -3 -3 -3 3 3 3
192 1024 100 1 455.732 43141.1 14.3735 1.6 3.67 0 0 -5 -3 -3 -3 3 3 3
192 1024 100 1 455.215 43190.1 14.2461 1.6 3.67 0 0 -5 -3 -3 -3 3 3 3
192 1024 100 1 453.621 43341.9 14.3039 1.7 3.67 0 0 -5 -3 -3 -3 3 3 3
192 1024 100 1 453.963 43309.3 14.3082 1.7 3.67 0 0 -5 -3 -3 -3 3 3 3
192 1024 100 1 454.271 43279.9 14.2384 1.7 3.67 0 0 -5 -3 -3 -3 3 3 3
192 1024 100 1 451.877 43509.2 14.4637 1.8 3.67 0 0 -5 -3 -3 -3 3 3 3
192 1024 100 1 452.963 43404.9 14.3028 1.8 3.67 0 0 -5 -3 -3 -3 3 3 3
192 1024 100 1 452.463 43452.8 14.3524 1.8 3.67 0 0 -5 -3 -3 -3 3 3 3
192 1024 100 1 451.754 43521 14.3392 1.9 3.67 0 0 -5 -3 -3 -3 3 3 3
192 1024 100 1 450.459 43646.1 14.5243 1.9 3.67 0 0 -5 -3 -3 -3 3 3 3
192 1024 100 1 452.395 43459.4 14.3585 1.9 3.67 0 0 -5 -3 -3 -3 3 3 3
192 1024 100 1 450.669 43625.8 14.3899 2 3.67 0 0 -5 -3 -3 -3 3 3 3
192 1024 100 1 450.999 43593.9 14.2902 2 3.67 0 0 -5 -3 -3 -3 3 3 3
192 1024 100 1 450.352 43656.5 14.4237 2 3.67 0 0 -5 -3 -3 -3 3 3 3
192 1024 100 1 451.193 43575.1 14.3573 2.1 3.67 0 0 -5 -3 -3 -3 3 3 3
192 1024 100 1 452.155 43482.4 14.3988 2.1 3.67 0 0 -5 -3 -3 -3 3 3 3
192 1024 100 1 451.294 43565.4 14.389 2.1 3.67 0 0 -5 -3 -3 -3 3 3 3
192 1024 100 1 450.751 43617.9 14.383 2.2 3.67 0 0 -5 -3 -3 -3 3 3 3
192 1024 100 1 450.579 43634.5 14.656 2.2 3.67 0 0 -5 -3 -3 -3 3 3 3
192 1024 100 1 450.967 43597 14.2971 2.2 3.67 0 0 -5 -3 -3 -3 3 3 3
192 1024 100 1 450.024 43688.3 14.3816 2.3 3.67 0 0 -5 -3 -3 -3 3 3 3
192 1024 100 1 449.916 43698.8 14.4486 2.3 3.67 0 0 -5 -3 -3 -3 3 3 3
192 1024 100 1 450.31 43660.6 14.412 2.3 3.67 0 0 -5 -3 -3 -3 3 3 3
192 1024 100 1 450.45 43647 14.3712 2.4 3.67 0 0 -5 -3 -3 -3 3 3 3
192 1024 100 1 451.249 43569.7 14.2677 2.4 3.67 0 0 -5 -3 -3 -3 3 3 3
192 1024 100 1 451.871 43509.8 14.3371 2.4 3.67 0 0 -5 -3 -3 -3 3 3 3
192 1024 100 1 451.692 43527 14.3306 2.5 3.67 0 0 -5 -3 -3 -3 3 3 3
192 1024 100 1 451.909 43506.1 14.3092 2.5 3.67 0 0 -5 -3 -3 -3 3 3 3
192 1024 100 1 454.722 43237 14.2534 2.5 3.67 0 0 -5 -3 -3 -3 3 3 3
192 1024 100 1 450.969 43596.8 14.3834 2.6 3.67 0 0 -5 -3 -3 -3 3 3 3
192 1024 100 1 450.98 43595.7 14.4176 2.6 3.67 0 0 -5 -3 -3 -3 3 3 3
192 1024 100 1 451.126 43581.6 14.3837 2.6 3.67 0 0 -5 -3 -3 -3 3 3 3
192 1024 100 1 451.793 43517.3 14.3186 2.7 3.67 0 0 -5 -3 -3 -3 3 3 3
192 1024 100 1 451.721 43524.2 14.3289 2.7 3.67 0 0 -5 -3 -3 -3 3 3 3
192 1024 100 1 451.6 43535.9 14.3837 2.7 3.67 0 0 -5 -3 -3 -3 3 3 3
192 1024 100 1 452.419 43457.1 14.4111 2.8 3.67 0 0 -5 -3 -3 -3 3 3 3
192 1024 100 1 451.821 43514.6 14.3642 2.8 3.67 0 0 -5 -3 -3 -3 3 3 3
192 1024 100 1 451.76 43520.5 14.3381 2.8 3.67 0 0 -5 -3 -3 -3 3 3 3
192 1024 100 1 451.595 43536.4 14.3661 2.9 3.67 0 0 -5 -3 -3 -3 3 3 3
192 1024 100 1 451.808 43515.8 14.3513 2.9 3.67 0 0 -5 -3 -3 -3 3 3 3
192 1024 100 1 452.002 43497.2 14.3424 2.9 3.67 0 0 -5 -3 -3 -3 3 3 3
192 1024 100 1 451.862 43510.6 14.284 3 3.67 0 0 -5 -3 -3 -3 3 3 3
192 1024 100 1 452.463 43452.8 14.3684 3 3.67 0 0 -5 -3 -3 -3 3 3 3
192 1024 100 1 452.201 43478 14.3917 3 3.67 0 0 -5 -3 -3 -3 3 3 3
192 1024 100 1 453.561 43347.6 14.3331 3.1 3.67 0 0 -5 -3 -3 -3 3 3 3
192 1024 100 1 452.294 43469.1 14.2303 3.1 3.67 0 0 -5 -3 -3 -3 3 3 3
192 1024 100 1 453.193 43382.8 14.388 3.1 3.67 0 0 -5 -3 -3 -3 3 3 3
192 1024 100 1 452.34 43464.7 14.2998 3.2 3.67 0 0 -5 -3 -3 -3 3 3 3
192 1024 100 1 453.446 43358.6 14.3718 3.2 3.67 0 0 -5 -3 -3 -3 3 3 3
192 1024 100 1 452.583 43441.3 14.2983 3.2 3.67 0 0 -5 -3 -3 -3 3 3 3
192 1024 100 1 454.327 43274.6 14.2259 3.3 3.67 0 0 -5 -3 -3 -3 3 3 3
192 1024 100 1 452.554 43444.1 14.2664 3.3 3.67 0 0 -5 -3 -3 -3 3 3 3
192 1024 100 1 454.512 43256.9 14.3416 3.3 3.67 0 0 -5 -3 -3 -3 3 3 3
192 1024 100 1 453.702 43334.2 14.2846 3.4 3.67 0 0 -5 -3 -3 -3 3 3 3
192 1024 100 1 454.388 43268.8 14.2879 3.4 3.67 0 0 -5 -3 -3 -3 3 3 3
192 1024 100 1 454.212 43285.5 14.2508 3.4 3.67 0 0 -5 -3 -3 -3 3 3 3
192 1024 100 1 454.825 43227.2 14.1709 3.5 3.67 0 0 -5 -3 -3 -3 3 3 3
192 1024 100 1 455.08 43203 14.1846 3.5 3.67 0 0 -5 -3 -3 -3 3 3 3
192 1024 100 1 454.374 43270.1 14.2284 3.5 3.67 0 0 -5 -3 -3 -3 3 3 3
192 1024 100 1 454.474 43260.6 14.2664 3.6 3.67 0 0 -5 -3 -3 -3 3 3 3
192 1024 100 1 455.692 43144.9 14.2736 3.6 3.67 0 0 -5 -3 -3 -3 3 3 3
192 1024 100 1 455.371 43175.3 14.2894 3.6 3.67 0 0 -5 -3 -3 -3 3 3 3
192 1024 100 1 455.986 43117.1 14.1864 3.7 3.67 0 0 -5 -3 -3 -3 3 3 3
192 1024 100 1 456.697 43050 14.2087 3.7 3.67 0 0 -5 -3 -3 -3 3 3 3
192 1024 100 1 456.477 43070.7 14.2154 3.7 3.67 0 0 -5 -3 -3 -3 3 3 3
192 1024 100 1 457.251 42997.8 14.1972 3.8 3.67 0 0 -5 -3 -3 -3 3 3 3
192 1024 100 1 457.348 42988.7 14.1551 3.8 3.67 0 0 -5 -3 -3 -3 3 3 3
192 1024 100 1 461.691 42584.3 14.067 3.8 3.67 0 0 -5 -3 -3 -3 3 3 3
192 1024 100 1 458.584 42872.8 14.1344 3.9 3.67 0 0 -5 -3 -3 -3 3 3 3
192 1024 100 1 458.091 42919 14.1105 3.9 3.67 0 0 -5 -3 -3 -3 3 3 3
192 1024 100 1 460.851 42661.9 14.0777 3.9 3.67 0 0 -5 -3 -3 -3 3 3 3
192 1024 100 1 459.622 42776 14.1232 4 3.67 0 0 -5 -3 -3 -3 3 3 3
192 1024 100 1 459.103 42824.4 14.1034 4 3.67 0 0 -5 -3 -3 -3 3 3 3
192 1024 100 1 458.456 42884.8 14.0908 4 3.67 0 0 -5 -3 -3 -3 3 3 3
192 1024 100 1 458.829 42849.9 14.023 4.1 3.67 0 0 -5 -3 -3 -3 3 3 3
192 1024 100 1 460.021 42738.9 14.0926 4.1 3.67 0 0 -5 -3 -3 -3 3 3 3
192 1024 100 1 459.248 42810.9 14.1195 4.1 3.67 0 0 -5 -3 -3 -3 3 3 3
192 1024 100 1 459.7 42768.8 14.096 4.2 3.67 0 0 -5 -3 -3 -3 3 3 3
192 1024 100 1 459.928 42747.6 14.1585 4.2 3.67 0 0 -5 -3 -3 -3 3 3 3
192 1024 100 1 460.839 42663.1 14.108 4.2 3.67 0 0 -5 -3 -3 -3 3 3 3
192 1024 100 1 460.698 42676.1 14.0244 4.3 3.67 0 0 -5 -3 -3 -3 3 3 3
192 1024 100 1 461.163 42633.1 14.1741 4.3 3.67 0 0 -5 -3 -3 -3 3 3 3
192 1024 100 1 461.096 42639.3 14.047 4.3 3.67 0 0 -5 -3 -3 -3 3 3 3
192 1024 100 1 461.159 42633.5 14.0062 4.4 3.67 0 0 -5 -3 -3 -3 3 3 3
192 1024 100 1 461.063 42642.3 14.0496 4.4 3.67 0 0 -5 -3 -3 -3 3 3 3
192 1024 100 1 461.238 42626.1 14.1939 4.4 3.67 0 0 -5 -3 -3 -3 3 3 3
192 1024 100 1 462.004 42555.5 14.0777 4.5 3.67 0 0 -5 -3 -3 -3 3 3 3
192 1024 100 1 462.513 42508.6 14.0736 4.5 3.67 0 0 -5 -3 -3 -3 3 3 3
192 1024 100 1 462.623 42498.5 14.031 4.5 3.67 0 0 -5 -3 -3 -3 3 3 3
192 1024 100 1 461.629 42590 13.9905 4.6 3.67 0 0 -5 -3 -3 -3 3 3 3
192 1024 100 1 462.675 42493.8 14.0106 4.6 3.67 0 0 -5 -3 -3 -3 3 3 3
192 1024 100 1 462.631 42497.8 13.977 4.6 3.67 0 0 -5 -3 -3 -3 3 3 3
192 1024 100 1 463.564 42412.3 13.9132 4.7 3.67 0 0 -5 -3 -3 -3 3 3 3
192 1024 100 1 462.05 42551.2 14.1279 4.7 3.67 0 0 -5 -3 -3 -3 3 3 3
192 1024 100 1 463.479 42420 13.989 4.7 3.67 0 0 -5 -3 -3 -3 3 3 3
192 1024 100 1 463.647 42404.7 13.9981 4.8 3.67 0 0 -5 -3 -3 -3 3 3 3
192 1024 100 1 464.102 42363.1 13.9617 4.8 3.67 0 0 -5 -3 -3 -3 3 3 3
192 1024 100 1 463.224 42443.4 14.1101 4.8 3.67 0 0 -5 -3 -3 -3 3 3 3
192 1024 100 1 465.011 42280.3 13.9667 4.9 3.67 0 0 -5 -3 -3 -3 3 3 3
192 1024 100 1 464.59 42318.6 13.9967 4.9 3.67 0 0 -5 -3 -3 -3 3 3 3
192 1024 100 1 465.294 42254.6 13.9475 4.9 3.67 0 0 -5 -3 -3 -3 3 3 3
192 1024 100 1 464.196 42354.5 13.9502 5 3.67 0 0 -5 -3 -3 -3 3 3 3
192 1024 100 1 465.699 42217.8 13.9513 5 3.67 0 0 -5 -3 -3 -3 3 3 3
192 1024 100 1 465.165 42266.3 13.9668 5 3.67 0 0 -5 -3 -3 -3 3 3 3
192 1024 100 1 465.977 42192.6 13.9055 5.1 3.67 0 0 -5 -3 -3 -3 3 3 3
192 1024 100 1 465.936 42196.4 14.1997 5.1 3.67 0 0 -5 -3 -3 -3 3 3 3
192 1024 100 1 466.165 42175.6 13.9385 5.1 3.67 0 0 -5 -3 -3 -3 3 3 3
192 1024 100 1 465.895 42200.1 13.9027 5.2 3.67 0 0 -5 -3 -3 -3 3 3 3
192 1024 100 1 466.139 42178 13.8835 5.2 3.67 0 0 -5 -3 -3 -3 3 3 3
192 1024 100 1 466.96 42103.8 13.9316 5.2 3.67 0 0 -5 -3 -3 -3 3 3 3
192 1024 100 1 467.69 42038.1 13.891 5.3 3.67 0 0 -5 -3 -3 -3 3 3 3
192 1024 100 1 467.239 42078.7 13.8824 5.3 3.67 0 0 -5 -3 -3 -3 3 3 3
192 1024 100 1 467.721 42035.3 14.0998 5.3 3.67 0 0 -5 -3 -3 -3 3 3 3
192 1024 100 1 467.456 42059.1 13.9356 5.4 3.67 0 0 -5 -3 -3 -3 3 3 3
192 1024 100 1 468.182 41993.9 13.876 5.4 3.67 0 0 -5 -3 -3 -3 3 3 3
192 1024 100 1 467.1 42091.2 13.9668 5.4 3.67 0 0 -5 -3 -3 -3 3 3 3
192 1024 100 1 468.828 41936.1 13.8522 5.5 3.67 0 0 -5 -3 -3 -3 3 3 3
192 1024 100 1 468.513 41964.3 13.8641 5.5 3.67 0 0 -5 -3 -3 -3 3 3 3
192 1024 100 1 469.024 41918.5 13.8198 5.5 3.67 0 0 -5 -3 -3 -3 3 3 3
192 1024 100 1 468.252 41987.6 13.7924 5.6 3.67 0 0 -5 -3 -3 -3 3 3 3
192 1024 100 1 469.421 41883.1 13.7885 5.6 3.67 0 0 -5 -3 -3 -3 3 3 3
192 1024 100 1 469.172 41905.3 13.7681 5.6 3.67 0 0 -5 -3 -3 -3 3 3 3
192 1024 100 1 469.627 41864.7 13.7544 5.7 3.67 0 0 -5 -3 -3 -3 3 3 3
192 1024 100 1 470.64 41774.6 13.8176 5.7 3.67 0 0 -5 -3 -3 -3 3 3 3
192 1024 100 1 470.037 41828.2 13.8368 5.7 3.67 0 0 -5 -3 -3 -3 3 3 3
192 1024 100 1 470.154 41817.8 13.7786 5.8 3.67 0 0 -5 -3 -3 -3 3 3 3
192 1024 100 1 470.015 41830.2 13.752 5.8 3.67 0 0 -5 -3 -3 -3 3 3 3
192 1024 100 1 478.051 41127 13.6097 5.8 3.67 0 0 -5 -3 -3 -3 3 3 3
192 1024 100 1 471.051 41738.2 13.7617 5.9 3.67 0 0 -5 -3 -3 -3 3 3 3
192 1024 100 1 470.566 41781.2 13.7168 5.9 3.67 0 0 -5 -3 -3 -3 3 3 3
192 1024 100 1 471.109 41733 13.8088 5.9 3.67 0 0 -5 -3 -3 -3 3 3 3
192 1024 100 1 470.253 41809 13.7497 6 3.67 0 0 -5 -3 -3 -3 3 3 3
192 1024 100 1 471.74 41677.2 13.7937 6 3.67 0 0 -5 -3 -3 -3 3 3 3
192 1024 100 1 470.461 41790.5 13.7706 6 3.67 0 0 -5 -3 -3 -3 3 3 3
192 1024 100 1 472.172 41639.1 13.7025 6.1 3.67 0 0 -5 -3 -3 -3 3 3 3
192 1024 100 1 471.608 41688.9 13.6903 6.1 3.67 0 0 -5 -3 -3 -3 3 3 3
192 1024 100 1 475.493 41348.2 13.7163 6.1 3.67 0 0 -5 -3 -3 -3 3 3 3
192 1024 100 1 472.203 41636.3 13.6735 6.2 3.67 0 0 -5 -3 -3 -3 3 3 3
192 1024 100 1 472.892 41575.7 13.8267 6.2 3.67 0 0 -5 -3 -3 -3 3 3 3
192 1024 100 1 473.082 41559 13.7196 6.2 3.67 0 0 -5 -3 -3 -3 3 3 3
192 1024 100 1 473.621 41511.7 13.7442 6.3 3.67 0 0 -5 -3 -3 -3 3 3 3
192 1024 100 1 473.671 41507.3 13.6227 6.3 3.67 0 0 -5 -3 -3 -3 3 3 3
192 1024 100 1 473.667 41507.6 13.6931 6.3 3.67 0 0 -5 -3 -3 -3 3 3 3
192 1024 100 1 474.789 41409.6 13.6906 6.4 3.67 0 0 -5 -3 -3 -3 3 3 3
192 1024 100 1 474.657 41421.1 13.6943 6.4 3.67 0 0 -5 -3 -3 -3 3 3 3
192 1024 100 1 475.263 41368.3 13.6447 6.4 3.67 0 0 -5 -3 -3 -3 3 3 3
192 1024 100 1 475.276 41367.1 13.625 6.5 3.67 0 0 -5 -3 -3 -3 3 3 3
192 1024 100 1 475.731 41327.6 13.6748 6.5 3.67 0 0 -5 -3 -3 -3 3 3 3
192 1024 100 1 475.033 41388.3 13.6519 6.5 3.67 0 0 -5 -3 -3 -3 3 3 3
192 1024 100 1 475.636 41335.8 13.6452 6.6 3.67 0 0 -5 -3 -3 -3 3 3 3
192 1024 100 1 475.726 41328 13.6301 6.6 3.67 0 0 -5 -3 -3 -3 3 3 3
192 1024 100 1 475.33 41362.4 13.7737 6.6 3.67 0 0 -5 -3 -3 -3 3 3 3
192 1024 100 1 476.504 41260.5 13.6001 6.7 3.67 0 0 -5 -3 -3 -3 3 3 3
192 1024 100 1 476.624 41250.1 13.6254 6.7 3.67 0 0 -5 -3 -3 -3 3 3 3
192 1024 100 1 477.494 41175 13.6125 6.7 3.67 0 0 -5 -3 -3 -3 3 3 3
192 1024 100 1 477.627 41163.5 13.6509 6.8 3.67 0 0 -5 -3 -3 -3 3 3 3
192 1024 100 1 477.163 41203.5 13.5464 6.8 3.67 0 0 -5 -3 -3 -3 3 3 3
192 1024 100 1 476.887 41227.4 13.5818 6.8 3.67 0 0 -5 -3 -3 -3 3 3 3
192 1024 100 1 477.127 41206.6 13.5604 6.9 3.67 0 0 -5 -3 -3 -3 3 3 3
192 1024 100 1 476.71 41242.7 13.6152 6.9 3.67 0 0 -5 -3 -3 -3 3 3 3
192 1024 100 1 477.48 41176.2 13.8975 6.9 3.67 0 0 -5 -3 -3 -3 3 3 3
192 1024 100 1 477.351 41187.3 13.5661 7 3.67 0 0 -5 -3 -3 -3 3 3 3
192 1024 100 1 478.064 41125.9 13.6104 7 3.67 0 0 -5 -3 -3 -3 3 3 3
192 1024 100 1 477.847 41144.6 13.5666 7 3.67 0 0 -5 -3 -3 -3 3 3 3
192 1024 100 1 478.629 41077.3 13.5972 7.1 3.67 0 0 -5 -3 -3 -3 3 3 3
192 1024 100 1 477.702 41157 13.4927 7.1 3.67 0 0 -5 -3 -3 -3 3 3 3
192 1024 100 1 478.677 41073.2 13.6043 7.1 3.67 0 0 -5 -3 -3 -3 3 3 3
192 1024 100 1 478.852 41058.2 13.5635 7.2 3.67 0 0 -5 -3 -3 -3 3 3 3
192 1024 100 1 479.059 41040.5 13.6506 7.2 3.67 0 0 -5 -3 -3 -3 3 3 3
192 1024 100 1 479.205 41028 13.4855 7.2 3.67 0 0 -5 -3 -3 -3 3 3 3
192 1024 100 1 479.951 40964.2 13.4927 7.3 3.67 0 0 -5 -3 -3 -3 3 3 3
192 1024 100 1 479.373 41013.6 13.5469 7.3 3.67 0 0 -5 -3 -3 -3 3 3 3
192 1024 100 1 479.08 41038.7 13.5089 7.3 3.67 0 0 -5 -3 -3 -3 3 3 3
192 1024 100 1 479.064 41040 13.5245 7.4 3.67 0 0 -5 -3 -3 -3 3 3 3
192 1024 100 1 481.605 40823.5 13.4266 7.4 3.67 0 0 -5 -3 -3 -3 3 3 3
192 1024 100 1 480.048 40955.9 13.5209 7.4 3.67 0 0 -5 -3 -3 -3 3 3 3
192 1024 100 1 480.858 40886.9 13.4683 7.5 3.67 0 0 -5 -3 -3 -3 3 3 3
192 1024 100 1 479.98 40961.7 13.447 7.5 3.67 0 0 -5 -3 -3 -3 3 3 3
192 1024 100 1 481.341 40845.9 13.5239 7.5 3.67 0 0 -5 -3 -3 -3 3 3 3
192 1024 100 1 480.46 40920.8 13.5556 7.6 3.67 0 0 -5 -3 -3 -3 3 3 3
192 1024 100 1 481.359 40844.4 13.4736 7.6 3.67 0 0 -5 -3 -3 -3 3 3 3
192 1024 100 1 481.011 40873.9 13.4405 7.6 3.67 0 0 -5 -3 -3 -3 3 3 3
192 1024 100 1 482.02 40788.4 13.4909 7.7 3.67 0 0 -5 -3 -3 -3 3 3 3
192 1024 100 1 482.712 40729.9 13.4499 7.7 3.67 0 0 -5 -3 -3 -3 3 3 3
192 1024 100 1 482.134 40778.7 13.5023 7.7 3.67 0 0 -5 -3 -3 -3 3 3 3
192 1024 100 1 481.069 40869 13.4941 7.8 3.67 0 0 -5 -3 -3 -3 3 3 3
192 1024 100 1 482.054 40785.5 13.4192 7.8 3.67 0 0 -5 -3 -3 -3 3 3 3
192 1024 100 1 482.454 40751.7 13.536 7.8 3.67 0 0 -5 -3 -3 -3 3 3 3
192 1024 100 1 482.291 40765.4 13.3817 7.9 3.67 0 0 -5 -3 -3 -3 3 3 3
192 1024 100 1 481.94 40795.1 13.4998 7.9 3.67 0 0 -5 -3 -3 -3 3 3 3
192 1024 100 1 482.319 40763.1 13.4448 7.9 3.67 0 0 -5 -3 -3 -3 3 3 3
192 1024 100 1 481.723 40813.5 13.3923 8 3.67 0 0 -5 -3 -3 -3 3 3 3
192 1024 100 1 486.88 40381.2 13.3326 8 3.67 0 0 -5 -3 -3 -3 3 3 3
192 1024 100 1 482.149 40777.4 13.4724 8 3.67 0 0 -5 -3 -3 -3 3 3 3
192 1024 100 1 483.265 40683.3 13.404 8.1 3.67 0 0 -5 -3 -3 -3 3 3 3
192 1024 100 1 483.133 40694.4 13.4584 8.1 3.67 0 0 -5 -3 -3 -3 3 3 3
192 1024 100 1 483.448 40667.9 13.4199 8.1 3.67 0 0 -5 -3 -3 -3 3 3 3
192 1024 100 1 483.678 40648.5 13.3899 8.2 3.67 0 0 -5 -3 -3 -3 3 3 3
192 1024 100 1 484.339 40593.1 13.4846 8.2 3.67 0 0 -5 -3 -3 -3 3 3 3
192 1024 100 1 483.18 40690.4 13.4235 8.2 3.67 0 0 -5 -3 -3 -3 3 3 3
192 1024 100 1 484.603 40570.9 13.3785 8.3 3.67 0 0 -5 -3 -3 -3 3 3 3
192 1024 100 1 485.24 40517.7 13.3766 8.3 3.67 0 0 -5 -3 -3 -3 3 3 3
192 1024 100 1 484.928 40543.8 13.3566 8.3 3.67 0 0 -5 -3 -3 -3 3 3 3
192 1024 100 1 484.217 40603.3 13.4208 8.4 3.67 0 0 -5 -3 -3 -3 3 3 3
192 1024 100 1 485.527 40493.7 13.4084 8.4 3.67 0 0 -5 -3 -3 -3 3 3 3
192 1024 100 1 485.229 40518.6 13.3982 8.4 3.67 0 0 -5 -3 -3 -3 3 3 3
192 1024 100 1 485.621 40485.9 13.3047 8.5 3.67 0 0 -5 -3 -3 -3 3 3 3
192 1024 100 1 485.699 40479.4 13.3681 8.5 3.67 0 0 -5 -3 -3 -3 3 3 3
192 1024 100 1 486.119 40444.4 13.383 8.5 3.67 0 0 -5 -3 -3 -3 3 3 3
192 1024 100 1 485.323 40510.8 13.337 8.6 3.67 0 0 -5 -3 -3 -3 3 3 3
192 1024 100 1 486.232 40435 13.3422 8.6 3.67 0 0 -5 -3 -3 -3 3 3 3
192 1024 100 1 485.815 40469.7 13.3608 8.6 3.67 0 0 -5 -3 -3 -3 3 3 3
192 1024 100 1 486.242 40434.2 13.3035 8.7 3.67 0 0 -5 -3 -3 -3 3 3 3
192 1024 100 1 485.225 40518.9 13.2587 8.7 3.67 0 0 -5 -3 -3 -3 3 3 3
192 1024 100 1 486.653 40400 13.2989 8.7 3.67 0 0 -5 -3 -3 -3 3 3 3
192 1024 100 1 486.405 40420.6 13.3387 8.8 3.67 0 0 -5 -3 -3 -3 3 3 3
192 1024 100 1 486.61 40403.6 13.2986 8.8 3.67 0 0 -5 -3 -3 -3 3 3 3
192 1024 100 1 486.803 40387.6 13.33 8.8 3.67 0 0 -5 -3 -3 -3 3 3 3
192 1024 100 1 486.75 40392 13.2888 8.9 3.67 0 0 -5 -3 -3 -3 3 3 3
192 1024 100 1 486.674 40398.3 13.4564 8.9 3.67 0 0 -5 -3 -3 -3 3 3 3
192 1024 100 1 487.397 40338.4 13.2799 8.9 3.67 0 0 -5 -3 -3 -3 3 3 3
192 1024 100 1 486.782 40389.3 13.2891 9 3.67 0 0 -5 -3 -3 -3 3 3 3
192 1024 100 1 487.18 40356.3 13.2849 9 3.67 0 0 -5 -3 -3 -3 3 3 3
192 1024 100 1 487.363 40341.2 13.3527 9 3.67 0 0 -5 -3 -3 -3 3 3 3
192 1024 100 1 488.6 40239.1 13.2971 9.1 3.67 0 0 -5 -3 -3 -3 3 3 3
192 1024 100 1 488.165 40274.9 13.2971 9.1 3.67 0 0 -5 -3 -3 -3 3 3 3
192 1024 100 1 488.419 40254 13.2747 9.1 3.67 0 0 -5 -3 -3 -3 3 3 3
192 1024 100 1 488.619 40237.5 13.3208 9.2 3.67 0 0 -5 -3 -3 -3 3 3 3
192 1024 100 1 489.654 40152.4 13.186 9.2 3.67 0 0 -5 -3 -3 -3 3 3 3
192 1024 100 1 489.151 40193.7 13.338 9.2 3.67 0 0 -5 -3 -3 -3 3 3 3
192 1024 100 1 489.61 40156 13.2082 9.3 3.67 0 0 -5 -3 -3 -3 3 3 3
192 1024 100 1 489.114 40196.8 13.2323 9.3 3.67 0 0 -5 -3 -3 -3 3 3 3
192 1024 100 1 489.965 40126.9 13.2912 9.3 3.67 0 0 -5 -3 -3 -3 3 3 3
192 1024 100 1 490.781 40060.2 13.2498 9.4 3.67 0 0 -5 -3 -3 -3 3 3 3
192 1024 100 1 490.844 40055.1 13.2354 9.4 3.67 0 0 -5 -3 -3 -3 3 3 3
192 1024 100 1 490.032 40121.5 13.2545 9.4 3.67 0 0 -5 -3 -3 -3 3 3 3
192 1024 100 1 491.387 40010.8 13.1803 9.5 3.67 0 0 -5 -3 -3 -3 3 3 3
192 1024 100 1 490.74 40063.6 13.2278 9.5 3.67 0 0 -5 -3 -3 -3 3 3 3
192 1024 100 1 490.479 40084.9 13.3332 9.5 3.67 0 0 -5 -3 -3 -3 3 3 3
192 1024 100 1 490.838 40055.6 13.1409 9.6 3.67 0 0 -5 -3 -3 -3 3 3 3
192 1024 100 1 491.942 39965.7 13.1548 9.6 3.67 0 0 -5 -3 -3 -3 3 3 3
192 1024 100 1 492.029 39958.6 13.1952 9.6 3.67 0 0 -5 -3 -3 -3 3 3 3
192 1024 100 1 491.677 39987.2 13.1215 9.7 3.67 0 0 -5 -3 -3 -3 3 3 3
192 1024 100 1 491.929 39966.7 13.1902 9.7 3.67 0 0 -5 -3 -3 -3 3 3 3
192 1024 100 1 492.57 39914.7 13.1549 9.7 3.67 0 0 -5 -3 -3 -3 3 3 3
192 1024 100 1 491.86 39972.4 13.2165 9.8 3.67 0 0 -5 -3 -3 -3 3 3 3
192 1024 100 1 492.406 39928 13.2062 9.8 3.67 0 0 -5 -3 -3 -3 3 3 3
192 1024 100 1 491.676 39987.3 13.1666 9.8 3.67 0 0 -5 -3 -3 -3 3 3 3
192 1024 100 1 492.28 39938.2 13.0889 9.9 3.67 0 0 -5 -3 -3 -3 3 3 3
192 1024 100 1 493.547 39835.7 13.1725 9.9 3.67 0 0 -5 -3 -3 -3 3 3 3
192 1024 100 1 492.373 39930.7 13.1624 9.9 3.67 0 0 -5 -3 -3 -3 3 3 3
192 1024 100 1 494.395 39767.4 13.104 10 3.67 0 0 -5 -3 -3 -3 3 3 3
192 1024 100 1 493.046 39876.2 13.1631 10 3.67 0 0 -5 -3 -3 -3 3 3 3
192 1024 100 1 492.649 39908.3 13.1575 10 3.67 0 0 -5 -3 -3 -3 3 3 3
