192 1024 1 1 7.359 26716.7 8.90556 1 3.67
192 1024 1 1 7.316 26873.7 8.92291 1 3.67
192 1024 1 1 7.315 26877.4 8.96787 1 3.67
192 1024 2 1 12.601 31205.1 10.3263 1 3.67
192 1024 2 1 12.592 31227.4 10.3336 1 3.67
192 1024 2 1 12.593 31225 10.3502 1 3.67
192 1024 3 1 16.46 35833.8 11.8407 1 3.67
192 1024 3 1 16.689 35342.1 13.1309 1 3.67
192 1024 3 1 16.482 35785.9 11.7836 1 3.67
192 1024 4 1 20.46 38437.5 12.8526 1 3.67
192 1024 4 1 20.456 38445.1 12.6298 1 3.67
192 1024 4 1 20.469 38420.6 12.6693 1 3.67
192 1024 5 1 24.387 40310 13.2764 1 3.67
192 1024 5 1 25.429 38658.2 12.945 1 3.67
192 1024 5 1 24.39 40305 13.2458 1 3.67
192 1024 6 1 28.262 41739.7 13.9085 1 3.67
192 1024 6 1 28.134 41929.6 13.8133 1 3.67
192 1024 6 1 28.323 41649.8 13.7795 1 3.67
192 1024 7 1 32.007 42998.6 14.1751 1 3.67
192 1024 7 1 31.638 43500.1 14.4042 1 3.67
192 1024 7 1 31.574 43588.3 14.3335 1 3.67
192 1024 8 1 35.424 44401.1 14.6414 1 3.67
192 1024 8 1 35.417 44409.9 14.9435 1 3.67
192 1024 8 1 35.427 44397.3 14.5896 1 3.67
192 1024 9 1 39.028 45338.5 14.9054 1 3.67
192 1024 9 1 40.118 44106.7 14.5815 1 3.67
192 1024 9 1 39.097 45258.5 14.9076 1 3.67
192 1024 10 1 43.108 45608.2 14.9933 1 3.67
192 1024 10 1 43.471 45227.4 14.8635 1 3.67
192 1024 10 1 42.997 45726 15.0191 1 3.67
192 1024 11 1 47.074 45942.3 15.1742 1 3.67
192 1024 11 1 46.865 46147.2 15.1968 1 3.67
192 1024 11 1 46.86 46152.1 15.6266 1 3.67
192 1024 12 1 50.537 46684.5 15.5096 1 3.67
192 1024 12 1 50.453 46762.3 15.4481 1 3.67
192 1024 12 1 50.518 46702.1 15.338 1 3.67
192 1024 13 1 54.316 47056.2 15.4375 1 3.67
192 1024 13 1 55.486 46063.9 15.112 1 3.67
192 1024 13 1 54.195 47161.2 15.5434 1 3.67
192 1024 14 1 57.938 47507.9 15.7575 1 3.67
192 1024 14 1 57.959 47490.7 15.6818 1 3.67
192 1024 14 1 57.797 47623.8 15.6283 1 3.67
192 1024 15 1 62.819 46946.3 15.5941 1 3.67
192 1024 15 1 61.803 47718.1 15.7703 1 3.67
192 1024 15 1 61.723 47779.9 15.7285 1 3.67
192 1024 16 1 65.454 48060.1 15.7405 1 3.67
192 1024 16 1 65.422 48083.6 16.0176 1 3.67
192 1024 16 1 65.438 48071.9 15.8321 1 3.67
192 1024 17 1 69.079 48384.3 15.9088 1 3.67
192 1024 17 1 75.113 44497.4 14.6936 1 3.67
192 1024 17 1 69.212 48291.3 16.077 1 3.67
192 1024 18 1 73.328 48261.8 15.8769 1 3.67
192 1024 18 1 72.781 48624.6 16.0747 1 3.67
192 1024 18 1 72.751 48644.6 16.1006 1 3.67
192 1024 19 1 76.749 48672.3 18.9598 1 3.67
192 1024 19 1 76.527 48813.5 16.0725 1 3.67
192 1024 19 1 76.673 48720.6 16.1589 1 3.67
192 1024 20 1 80.241 49004.4 16.1199 1 3.67
192 1024 20 1 81.89 48017.6 19.0777 1 3.67
192 1024 20 1 80.564 48807.9 16.2101 1 3.67
192 1024 21 1 84.114 49085.4 16.3003 1 3.67
192 1024 21 1 84.198 49036.4 16.1763 1 3.67
192 1024 21 1 84.747 48718.8 16.0905 1 3.67
192 1024 22 1 87.571 49392.8 16.2771 1 3.67
192 1024 22 1 87.628 49360.7 16.3508 1 3.67
192 1024 22 1 87.881 49218.6 16.3438 1 3.67
192 1024 23 1 91.456 49444.4 16.3298 1 3.67
192 1024 23 1 90.827 49786.8 17.5844 1 3.67
192 1024 23 1 91.22 49572.3 16.6416 1 3.67
192 1024 24 1 95.168 49581.7 16.3206 1 3.67
192 1024 24 1 96.391 48952.6 16.2538 1 3.67
192 1024 24 1 95.459 49430.6 16.3863 1 3.67
192 1024 25 1 98.179 50063.7 16.4867 1 3.67
192 1024 25 1 99.414 49441.7 16.3387 1 3.67
192 1024 25 1 99.101 49597.9 16.4464 1 3.67
192 1024 26 1 102.168 50033.4 16.7281 1 3.67
192 1024 26 1 101.996 50117.7 16.6164 1 3.67
192 1024 26 1 101.961 50134.9 16.546 1 3.67
192 1024 27 1 106.187 49991.2 16.4351 1 3.67
192 1024 27 1 105.746 50199.7 17.1314 1 3.67
192 1024 27 1 105.853 50148.9 16.6981 1 3.67
192 1024 28 1 110.305 49907.3 16.4792 1 3.67
192 1024 28 1 110.319 49901 16.4357 1 3.67
192 1024 28 1 110.629 49761.1 16.5409 1 3.67
192 1024 29 1 113.65 50168.3 16.6239 1 3.67
192 1024 29 1 113.812 50096.9 16.5672 1 3.67
192 1024 29 1 113.485 50241.3 16.5858 1 3.67
192 1024 30 1 117.469 50211 16.6034 1 3.67
192 1024 30 1 117.142 50351.2 16.7263 1 3.67
192 1024 30 1 117.424 50230.3 16.7642 1 3.67
192 1024 31 1 120.843 50436.1 16.6599 1 3.67
192 1024 31 1 120.721 50487.1 16.6551 1 3.67
192 1024 31 1 122.511 49749.4 16.4432 1 3.67
192 1024 32 1 124.31 50611 16.7899 1 3.67
192 1024 32 1 124.393 50577.3 16.6669 1 3.67
192 1024 32 1 124.667 50466.1 16.663 1 3.67
192 1024 33 1 129.024 50285.7 16.7249 1 3.67
192 1024 33 1 127.831 50755 16.7244 1 3.67
192 1024 33 1 128.671 50423.7 16.6965 1 3.67
192 1024 34 1 131.558 50811.6 16.8027 1 3.67
192 1024 34 1 131.32 50903.7 16.7299 1 3.67
192 1024 34 1 131.59 50799.2 16.7235 1 3.67
192 1024 35 1 135.573 50757 16.753 1 3.67
192 1024 35 1 135.038 50958.1 17.1912 1 3.67
192 1024 35 1 135.115 50929.1 16.9884 1 3.67
192 1024 36 1 139.587 50705.9 16.8309 1 3.67
192 1024 36 1 138.881 50963.7 16.8371 1 3.67
192 1024 36 1 139.067 50895.5 16.7826 1 3.67
192 1024 37 1 142.642 50998.3 16.9993 1 3.67
192 1024 37 1 142.333 51109 16.7933 1 3.67
192 1024 37 1 142.325 51111.9 16.9113 1 3.67
192 1024 38 1 145.756 51257.6 16.9021 1 3.67
192 1024 38 1 146.424 51023.8 16.9167 1 3.67
192 1024 38 1 145.617 51306.5 17.4715 1 3.67
192 1024 39 1 149.175 51400.8 16.971 1 3.67
192 1024 39 1 149.355 51338.8 17.3378 1 3.67
192 1024 39 1 150.113 51079.6 16.8385 1 3.67
192 1024 40 1 154.11 51030.6 16.9232 1 3.67
192 1024 40 1 153.375 51275.1 17.2046 1 3.67
192 1024 40 1 154.49 50905 16.8689 1 3.67
192 1024 41 1 156.911 51372.6 16.9017 1 3.67
192 1024 41 1 157.232 51267.7 16.9906 1 3.67
192 1024 41 1 157.54 51167.5 17.0487 1 3.67
192 1024 42 1 159.908 51639.3 16.9344 1 3.67
192 1024 42 1 160.385 51485.7 17.1317 1 3.67
192 1024 42 1 161.021 51282.4 16.8755 1 3.67
192 1024 43 1 163.674 51652.3 17.0371 1 3.67
192 1024 43 1 163.917 51575.8 17.0027 1 3.67
192 1024 43 1 165.745 51006.9 17.0319 1 3.67
192 1024 44 1 167.371 51686.1 17.6682 1 3.67
192 1024 44 1 167.343 51694.7 16.9707 1 3.67
192 1024 44 1 169.217 51122.2 17.1251 1 3.67
192 1024 45 1 170.969 51748.3 17.0637 1 3.67
192 1024 45 1 170.942 51756.5 17.2212 1 3.67
192 1024 45 1 171.35 51633.3 17.0884 1 3.67
192 1024 46 1 174.768 51748.4 17.1192 1 3.67
192 1024 46 1 175.406 51560.2 17.1737 1 3.67
192 1024 46 1 176.038 51375.1 17.2098 1 3.67
192 1024 47 1 178.942 51640.1 17.1778 1 3.67
192 1024 47 1 178.391 51799.6 17.2831 1 3.67
192 1024 47 1 178.924 51645.3 17.0691 1 3.67
192 1024 48 1 182.186 51799.7 17.0655 1 3.67
192 1024 48 1 182.044 51840.1 17.1284 1 3.67
192 1024 48 1 183.719 51367.5 16.862 1 3.67
192 1024 49 1 185.902 51821.9 17.1728 1 3.67
192 1024 49 1 185.609 51903.7 17.1261 1 3.67
192 1024 49 1 186.943 51533.3 17.0702 1 3.67
192 1024 50 1 189.743 51809 17.1097 1 3.67
192 1024 50 1 189.628 51840.4 17.2129 1 3.67
192 1024 50 1 190.407 51628.4 17.0556 1 3.67
192 1024 51 1 193.37 51854 17.1566 1 3.67
192 1024 51 1 193.322 51866.9 17.178 1 3.67
192 1024 51 1 193.799 51739.2 17.0005 1 3.67
192 1024 52 1 197.728 51705.5 17.2267 1 3.67
192 1024 52 1 196.506 52027 17.1413 1 3.67
192 1024 52 1 197.536 51755.7 17.118 1 3.67
192 1024 53 1 200.476 51977.4 17.1326 1 3.67
192 1024 53 1 200.617 51940.9 17.209 1 3.67
192 1024 53 1 201.254 51776.5 17.1595 1 3.67
192 1024 54 1 203.729 52112.5 17.0751 1 3.67
192 1024 54 1 203.192 52250.2 17.3445 1 3.67
192 1024 54 1 205.192 51741 17.2472 1 3.67
192 1024 55 1 206.57 52347.6 17.2398 1 3.67
192 1024 55 1 207.704 52061.8 17.2553 1 3.67
192 1024 55 1 207.121 52208.3 17.2004 1 3.67
192 1024 56 1 210.711 52251.9 17.2285 1 3.67
192 1024 56 1 210.762 52239.2 17.2523 1 3.67
192 1024 56 1 211.656 52018.6 17.3181 1 3.67
192 1024 57 1 213.998 52368 17.3203 1 3.67
192 1024 57 1 215.125 52093.7 17.3336 1 3.67
192 1024 57 1 214.091 52345.3 17.3012 1 3.67
192 1024 58 1 218.783 52121.3 17.1881 1 3.67
192 1024 58 1 218.903 52092.8 17.131 1 3.67
192 1024 58 1 218.03 52301.4 17.1519 1 3.67
192 1024 59 1 222.057 52238.3 17.152 1 3.67
192 1024 59 1 222.253 52192.2 17.2146 1 3.67
192 1024 59 1 221.977 52257.1 17.1814 1 3.67
192 1024 60 1 225.822 52238 17.2277 1 3.67
192 1024 60 1 225.345 52348.5 17.2358 1 3.67
192 1024 60 1 229.19 51470.3 16.9337 1 3.67
192 1024 61 1 229.694 52213.3 17.3007 1 3.67
192 1024 61 1 228.994 52372.9 17.6028 1 3.67
192 1024 61 1 228.995 52372.7 17.2491 1 3.67
192 1024 62 1 233.194 52272.8 17.3159 1 3.67
192 1024 62 1 233.999 52092.9 17.2433 1 3.67
192 1024 62 1 233.873 52121 17.3255 1 3.67
192 1024 63 1 236.378 52400.4 17.6219 1 3.67
192 1024 63 1 236.422 52390.7 17.4376 1 3.67
192 1024 63 1 236.862 52293.3 17.3221 1 3.67
192 1024 64 1 240.991 52213.2 17.2962 1 3.67
192 1024 64 1 240.402 52341.1 17.232 1 3.67
192 1024 64 1 240.76 52263.3 17.2306 1 3.67
192 1024 65 1 243.527 52476.8 17.2978 1 3.67
192 1024 65 1 243.557 52470.3 17.2271 1 3.67
192 1024 65 1 243.832 52411.2 17.2541 1 3.67
192 1024 66 1 247.692 52388.2 17.1967 1 3.67
192 1024 66 1 248.717 52172.3 17.2445 1 3.67
192 1024 66 1 247.854 52353.9 17.9882 1 3.67
192 1024 67 1 250.88 52506.1 17.2928 1 3.67
192 1024 67 1 250.884 52505.3 17.252 1 3.67
192 1024 67 1 251.583 52359.4 17.3867 1 3.67
192 1024 68 1 255.045 52419.6 17.2998 1 3.67
192 1024 68 1 256.871 52046.9 17.3262 1 3.67
192 1024 68 1 254.964 52436.2 17.2598 1 3.67
192 1024 69 1 258.643 52450.5 18.2933 1 3.67
192 1024 69 1 258.312 52517.7 17.3717 1 3.67
192 1024 69 1 259.464 52284.5 17.3932 1 3.67
192 1024 70 1 262.784 52372.1 17.2693 1 3.67
192 1024 70 1 262.475 52433.8 18.1699 1 3.67
192 1024 70 1 262.697 52389.5 17.2932 1 3.67
192 1024 71 1 265.948 52488.3 18.2765 1 3.67
192 1024 71 1 266.569 52366.1 17.4554 1 3.67
192 1024 71 1 265.912 52495.4 18.5367 1 3.67
192 1024 72 1 269.929 52442.6 17.4816 1 3.67
192 1024 72 1 269.2 52584.6 17.3122 1 3.67
192 1024 72 1 269.203 52584 17.3321 1 3.67
192 1024 73 1 273.717 52435.1 17.6903 1 3.67
192 1024 73 1 273.41 52494 17.3936 1 3.67
192 1024 73 1 273.909 52398.4 17.5764 1 3.67
192 1024 74 1 277.534 52422.4 17.3842 1 3.67
192 1024 74 1 276.281 52660.1 17.4875 1 3.67
192 1024 74 1 276.747 52571.5 17.4696 1 3.67
192 1024 75 1 279.522 52752.9 17.5501 1 3.67
192 1024 75 1 279.971 52668.3 17.3816 1 3.67
192 1024 75 1 280.057 52652.1 17.5625 1 3.67
192 1024 76 1 283.925 52627.3 17.4375 1 3.67
192 1024 76 1 284.491 52522.6 17.4874 1 3.67
192 1024 76 1 284.299 52558.1 17.3915 1 3.67
192 1024 77 1 288.218 52525.6 18.1537 1 3.67
192 1024 77 1 288.341 52503.2 17.488 1 3.67
192 1024 77 1 287.107 52728.8 17.7522 1 3.67
192 1024 78 1 290.982 52702.3 17.6775 1 3.67
192 1024 78 1 290.689 52755.4 17.4432 1 3.67
192 1024 78 1 290.827 52730.4 17.5991 1 3.67
192 1024 79 1 298.422 52047.2 17.9223 1 3.67
192 1024 79 1 294.764 52693.1 17.3414 1 3.67
192 1024 79 1 294.511 52738.4 17.3218 1 3.67
192 1024 80 1 297.704 52833.1 17.3286 1 3.67
192 1024 80 1 298.839 52632.5 17.6436 1 3.67
192 1024 80 1 298.317 52724.6 17.3848 1 3.67
192 1024 81 1 302.455 52653.3 17.3349 1 3.67
192 1024 81 1 302.377 52666.9 17.3134 1 3.67
192 1024 81 1 304.698 52265.7 17.1746 1 3.67
192 1024 82 1 305.922 52699.2 17.5458 1 3.67
192 1024 82 1 310.748 51880.8 17.4912 1 3.67
192 1024 82 1 305.676 52741.6 17.3278 1 3.67
192 1024 83 1 309.22 52773 17.4717 1 3.67
192 1024 83 1 309.662 52697.7 17.4995 1 3.67
192 1024 83 1 310.623 52534.6 17.4715 1 3.67
192 1024 84 1 312.233 52893.4 17.4375 1 3.67
192 1024 84 1 317.277 52052.5 18.008 1 3.67
192 1024 84 1 312.695 52815.3 17.3609 1 3.67
192 1024 85 1 320.679 52113.4 17.6185 1 3.67
192 1024 85 1 318.043 52545.3 17.4621 1 3.67
192 1024 85 1 315.489 52970.7 17.4285 1 3.67
192 1024 86 1 321.057 52664.4 17.4898 1 3.67
192 1024 86 1 319.02 53000.7 17.4541 1 3.67
192 1024 86 1 320.153 52813.1 17.62 1 3.67
192 1024 87 1 322.779 52992.6 17.4739 1 3.67
192 1024 87 1 323.827 52821.1 17.5409 1 3.67
192 1024 87 1 326.365 52410.3 17.4552 1 3.67
192 1024 88 1 328.394 52685.2 17.4992 1 3.67
192 1024 88 1 331.669 52165 17.3532 1 3.67
192 1024 88 1 328.755 52627.3 17.2401 1 3.67
192 1024 89 1 331.801 52736.8 17.3403 1 3.67
192 1024 89 1 331.848 52729.3 17.526 1 3.67
192 1024 89 1 332.18 52676.6 17.4978 1 3.67
192 1024 90 1 333.521 53054.3 17.4906 1 3.67
192 1024 90 1 341.423 51826.4 17.9319 1 3.67
192 1024 90 1 334.877 52839.5 17.5023 1 3.67
192 1024 91 1 340.913 52480.6 17.364 1 3.67
192 1024 91 1 338.543 52848 17.6451 1 3.67
192 1024 91 1 338.979 52780 17.4034 1 3.67
192 1024 92 1 340.978 53047.2 17.4779 1 3.67
192 1024 92 1 342.684 52783.1 17.351 1 3.67
192 1024 92 1 341.811 52917.9 17.4482 1 3.67
192 1024 93 1 348.867 52411.2 17.4066 1 3.67
192 1024 93 1 344.224 53118.2 17.5539 1 3.67
192 1024 93 1 355.617 51416.4 16.9516 1 3.67
192 1024 94 1 348.366 53051 17.552 1 3.67
192 1024 94 1 351.627 52559 17.4585 1 3.67
192 1024 94 1 348.063 53097.1 17.4818 1 3.67
192 1024 95 1 352.739 52950.6 17.451 1 3.67
192 1024 95 1 351.29 53169.1 17.5509 1 3.67
192 1024 95 1 354.124 52743.6 17.3891 1 3.67
192 1024 96 1 356.152 52995.3 17.7817 1 3.67
192 1024 96 1 360.481 52358.8 17.3891 1 3.67
192 1024 96 1 356.116 53000.6 17.4112 1 3.67
192 1024 97 1 359.575 53037.5 17.3402 1 3.67
192 1024 97 1 359.437 53057.9 17.4499 1 3.67
192 1024 97 1 359.913 52987.7 17.5161 1 3.67
192 1024 98 1 362.81 53106.5 17.5151 1 3.67
192 1024 98 1 364.663 52836.7 17.4884 1 3.67
192 1024 98 1 362.258 53187.5 17.544 1 3.67
192 1024 99 1 367.595 52950.1 17.4015 1 3.67
192 1024 99 1 367.548 52956.9 17.7499 1 3.67
192 1024 99 1 367.307 52991.6 17.4493 1 3.67
192 1024 100 1 372.133 52832.7 17.5855 1 3.67
192 1024 100 1 372.403 52794.4 17.4429 1 3.67
192 1024 100 1 370.822 53019.5 17.572 1 3.67
192 1024 101 1 375.669 52858.8 17.3358 1 3.67
192 1024 101 1 374.391 53039.2 17.5095 1 3.67
192 1024 101 1 375.757 52846.4 17.3574 1 3.67
192 1024 102 1 377.476 53126.6 17.5163 1 3.67
192 1024 102 1 378.902 52926.7 17.4772 1 3.67
192 1024 102 1 385.026 52084.8 17.2381 1 3.67
192 1024 103 1 382.621 52926.1 17.5028 1 3.67
192 1024 103 1 382.033 53007.5 17.5065 1 3.67
192 1024 103 1 385.477 52533.9 17.453 1 3.67
192 1024 104 1 391.809 52186.7 17.6582 1 3.67
192 1024 104 1 386.231 52940.4 17.6125 1 3.67
192 1024 104 1 384.403 53192.2 17.7367 1 3.67
192 1024 105 1 389.71 52972.3 17.5021 1 3.67
192 1024 105 1 389.153 53048.1 17.4954 1 3.67
