192 1024 100 1 370.398 53080.2 17.4372 1 3.67
192 1024 100 1 378.614 51928.3 17.3084 1 3.67
192 1024 100 1 370.925 53004.8 17.4635 1 3.67
192 1024 100 2 654.728 60057.9 19.805 1 3.67
192 1024 100 2 654.274 60099.6 19.8275 1 3.67
192 1024 100 2 654.21 60105.5 19.7883 1 3.67
192 1024 100 3 936.017 63014.2 20.7554 1 3.67
192 1024 100 3 938.858 62823.6 21.3863 1 3.67
192 1024 100 3 940.523 62712.3 21.221 1 3.67
192 1024 100 4 1221.23 64396.9 21.2437 1 3.67
192 1024 100 4 1222.58 64325.6 21.1559 1 3.67
192 1024 100 4 1221.24 64396 21.1681 1 3.67
192 1024 100 5 1504.11 65357.1 21.5708 1 3.67
192 1024 100 5 1504.59 65336.1 21.579 1 3.67
192 1024 100 5 1503.64 65377.3 21.5535 1 3.67
192 1024 100 6 1784.55 66103.2 21.7895 1 3.67
192 1024 100 6 1786.45 66033 21.6372 1 3.67
192 1024 100 6 1786.21 66042.1 21.6625 1 3.67
192 1024 100 7 2066.5 66598.6 21.9932 1 3.67
192 1024 100 7 2068.66 66528.9 21.8186 1 3.67
192 1024 100 7 2066.39 66602.1 21.9524 1 3.67
192 1024 100 8 2350.46 66917.3 22.0389 1 3.67
192 1024 100 8 2348.35 66977.3 22.1079 1 3.67
192 1024 100 8 2351.89 66876.6 22.0543 1 3.67
192 1024 100 9 2631.68 67237.2 22.1298 1 3.67
192 1024 100 9 2635.14 67149.1 22.3678 1 3.67
192 1024 100 9 2639.09 67048.6 22.4474 1 3.67
192 1024 100 10 2926.48 67182.4 22.124 1 3.67
192 1024 100 10 2917.42 67391.1 22.1643 1 3.67
192 1024 100 10 2917.1 67398.4 22.2443 1 3.67
192 1024 100 11 3197.69 67632.9 22.2875 1 3.67
192 1024 100 11 3201.82 67545.6 22.363 1 3.67
192 1024 100 11 3199.03 67604.5 22.3201 1 3.67
192 1024 100 12 3484.54 67707.6 22.2959 1 3.67
192 1024 100 12 3483.59 67726.1 22.414 1 3.67
192 1024 100 12 3485.57 67687.4 22.554 1 3.67
192 1024 100 13 3768.39 67824.8 22.4209 1 3.67
192 1024 100 13 3766.76 67854.2 22.3967 1 3.67
192 1024 100 13 3766.05 67866.9 22.3406 1 3.67
192 1024 100 14 4043.42 68073.9 22.3705 1 3.67
192 1024 100 14 4045.78 68034.2 22.4062 1 3.67
192 1024 100 14 4045.98 68030.9 22.3432 1 3.67
192 1024 100 15 4325.03 68187.3 22.2989 1 3.67
192 1024 100 15 4329.79 68112.3 22.6471 1 3.67
192 1024 100 15 4329.32 68119.7 22.4044 1 3.67
192 1024 100 16 4612.31 68202.8 22.4956 1 3.67
192 1024 100 16 4609.54 68243.9 22.4611 1 3.67
192 1024 100 16 4607.99 68266.9 22.4926 1 3.67
192 1024 100 17 4892.54 68315 22.5324 1 3.67
192 1024 100 17 4892.46 68316 22.5543 1 3.67
192 1024 100 17 4892.82 68311 22.537 1 3.67
192 1024 100 18 5174.51 68391.9 22.8481 1 3.67
192 1024 100 18 5174.92 68386.4 22.541 1 3.67
192 1024 100 18 5176.24 68369 22.5028 1 3.67
192 1024 100 19 5455.15 68477.6 22.549 1 3.67
192 1024 100 19 5459.68 68420.7 22.5052 1 3.67
192 1024 100 19 5457.06 68453.6 22.4354 1 3.67
192 1024 100 20 5742.1 68479.4 22.5163 1 3.67
192 1024 100 20 5742.83 68470.8 22.6169 1 3.67
192 1024 100 20 5741.43 68487.4 22.6151 1 3.67
