0.724618
4.83805e-005
4.89349e-005
4.85789e-005
4.95097e-005
4.82279e-005
4.96063e-005
4.84161e-005
5.0293e-005
4.96216e-005
4.90519e-005
5.01353e-005
4.8467e-005
4.84416e-005
4.80754e-005
4.83958e-005
4.79533e-005
4.8584e-005
4.90875e-005
4.9708e-005
4.87315e-005
4.90621e-005
4.91587e-005
5.00539e-005
4.90723e-005
4.90417e-005
4.84619e-005
4.87366e-005
4.98912e-005
4.94639e-005
4.83297e-005
5.00793e-005
4.87467e-005
4.90367e-005
4.82534e-005
4.88485e-005
4.97589e-005
4.87925e-005
4.89095e-005
4.93978e-005
4.89502e-005
4.88485e-005
4.81262e-005
4.93622e-005
4.89604e-005
4.90316e-005
4.9764e-005
4.89451e-005
4.80296e-005
4.9057e-005
4.87722e-005
4.87874e-005
4.9174e-005
4.835e-005
4.84721e-005
4.89553e-005
4.91994e-005
4.82076e-005
4.88485e-005
4.91079e-005
4.87569e-005
4.93978e-005
4.89248e-005
4.9118e-005
4.88688e-005
4.91282e-005
4.8645e-005
4.92045e-005
4.8111e-005
4.92147e-005
4.84467e-005
4.83195e-005
4.82076e-005
4.98912e-005
4.77244e-005
4.86196e-005
4.9413e-005
4.92808e-005
4.86959e-005
4.8645e-005
4.8823e-005
4.81618e-005
4.85586e-005
4.90723e-005
4.87874e-005
4.90112e-005
4.86399e-005
4.87773e-005
4.84772e-005
4.85077e-005
4.89705e-005
4.90367e-005
4.9881e-005
4.894e-005
5.02726e-005
4.91435e-005
4.9408e-005
4.84568e-005
4.90214e-005
4.90011e-005
4.94232e-005
4.85484e-005
4.95809e-005
4.92859e-005
4.90112e-005
4.97437e-005
4.90265e-005
5.00285e-005
4.81822e-005
4.90214e-005
4.9708e-005
4.90672e-005
4.9764e-005
4.81669e-005
4.8584e-005
4.91689e-005
4.97131e-005
5.05066e-005
4.91638e-005
4.96419e-005
4.9647e-005
5.06236e-005
4.97487e-005
4.88383e-005
4.93113e-005
4.90011e-005
4.95962e-005
4.92198e-005
4.90367e-005
4.91435e-005
4.9352e-005
4.86959e-005
4.85942e-005
5.00895e-005
4.92401e-005
4.96165e-005
4.93673e-005
4.93673e-005
4.84263e-005
4.89349e-005
5.00285e-005
4.90417e-005
4.90977e-005
5.01149e-005
4.894e-005
4.95758e-005
4.92706e-005
4.9174e-005
4.90011e-005
4.9998e-005
5.02624e-005
4.90977e-005
5.02777e-005
4.90977e-005
4.89807e-005
4.90926e-005
4.95962e-005
4.84161e-005
5.01963e-005
4.93062e-005
4.94893e-005
4.92859e-005
4.95351e-005
4.97182e-005
5.07151e-005
4.91333e-005
4.97131e-005
4.94792e-005
5.01506e-005
5.02421e-005
4.92096e-005
4.99674e-005
4.96877e-005
4.99878e-005
5.04456e-005
5.00895e-005
5.01404e-005
4.95605e-005
4.94537e-005
4.94181e-005
4.98708e-005
5.05931e-005
5.0059e-005
4.94944e-005
4.95809e-005
4.97284e-005
4.9881e-005
4.9998e-005
4.97945e-005
4.95504e-005
4.953e-005
5.02981e-005
5.01251e-005
4.93774e-005
4.94639e-005
5.08118e-005
4.96979e-005
4.89299e-005
4.98912e-005
5.0293e-005
4.9586e-005
4.99318e-005
5.07253e-005
5.01455e-005
5.00793e-005
5.08982e-005
5.02116e-005
5.11068e-005
5.00234e-005
5.08931e-005
5.07304e-005
5.06541e-005
4.98352e-005
5.02981e-005
5.0705e-005
5.01099e-005
5.16764e-005
5.00183e-005
5.1768e-005
5.03591e-005
5.09135e-005
5.0176e-005
4.93317e-005
5.0354e-005
5.04659e-005
4.99725e-005
5.11729e-005
5.05422e-005
5.16764e-005
5.0705e-005
4.92655e-005
4.99878e-005
4.96979e-005
5.05829e-005
5.06795e-005
5.18595e-005
5.07965e-005
5.04913e-005
5.10559e-005
5.05422e-005
5.0532e-005
5.08779e-005
5.159e-005
5.15493e-005
5.13611e-005
5.20223e-005
5.08169e-005
5.13713e-005
5.12288e-005
5.02065e-005
5.16663e-005
5.03337e-005
5.1417e-005
5.14069e-005
5.08779e-005
5.10406e-005
5.04812e-005
5.17273e-005
5.16256e-005
5.03642e-005
5.10915e-005
5.13814e-005
5.12288e-005
5.06999e-005
5.11169e-005
5.20681e-005
5.06948e-005
5.27293e-005
5.09084e-005
5.12085e-005
5.15035e-005
5.17273e-005
5.15747e-005
5.18799e-005
5.20833e-005
5.28768e-005
5.17883e-005
5.18494e-005
5.21545e-005
5.10305e-005
5.11475e-005
5.18545e-005
5.13611e-005
5.24801e-005
5.18697e-005
5.13306e-005
5.13051e-005
5.21495e-005
5.19206e-005
5.16307e-005
5.21088e-005
5.07253e-005
5.28971e-005
5.1e-005
5.24801e-005
5.21444e-005
5.21393e-005
5.19663e-005
5.24241e-005
5.22359e-005
5.1946e-005
5.19155e-005
5.25055e-005
5.24851e-005
5.32074e-005
5.17934e-005
5.24699e-005
5.27395e-005
5.16561e-005
5.3304e-005
5.29073e-005
5.31158e-005
5.38025e-005
5.28666e-005
5.27496e-005
5.30548e-005
5.32481e-005
5.32074e-005
5.26428e-005
5.23682e-005
5.2653e-005
5.28412e-005
5.2536e-005
5.28971e-005
5.27293e-005
5.37008e-005
5.26835e-005
5.31667e-005
5.31616e-005
5.40009e-005
5.39398e-005
5.33295e-005
5.37516e-005
5.29531e-005
5.40415e-005
5.28615e-005
5.26428e-005
5.33295e-005
5.33651e-005
5.41331e-005
5.34312e-005
5.37313e-005
5.36448e-005
5.34007e-005
5.43315e-005
5.34312e-005
5.3599e-005
5.31413e-005
5.33091e-005
5.41941e-005
5.41585e-005
5.53996e-005
5.43976e-005
5.54301e-005
5.43467e-005
5.43467e-005
5.40771e-005
5.37872e-005
5.41026e-005
5.40161e-005
5.48045e-005
5.4423e-005
5.51402e-005
5.42145e-005
5.39958e-005
5.49418e-005
5.52216e-005
5.46977e-005
5.47892e-005
5.45197e-005
5.40568e-005
5.43925e-005
5.58268e-005
5.41178e-005
5.47028e-005
5.48503e-005
5.47943e-005
5.42094e-005
5.46112e-005
5.51707e-005
5.54454e-005
5.45298e-005
5.49825e-005
5.49774e-005
5.42196e-005
5.47994e-005
5.46621e-005
5.48604e-005
5.51453e-005
5.50842e-005
5.59438e-005
5.58268e-005
5.51198e-005
5.46773e-005
5.5659e-005
5.5308e-005
5.66355e-005
5.45654e-005
5.66915e-005
5.60048e-005
5.572e-005
5.49978e-005
5.6544e-005
5.62642e-005
5.65898e-005
5.61117e-005
5.72103e-005
5.54911e-005
5.6249e-005
5.62286e-005
5.70374e-005
5.61879e-005
5.7663e-005
5.61625e-005
5.58167e-005
5.68441e-005
5.631e-005
5.58421e-005
5.66254e-005
5.63456e-005
5.70068e-005
5.68542e-005
5.71543e-005
5.74646e-005
5.72561e-005
5.69712e-005
5.61778e-005
5.76375e-005
5.56691e-005
5.71594e-005
5.77189e-005
5.7785e-005
5.71849e-005
5.84056e-005
5.76121e-005
5.72306e-005
5.68186e-005
5.85785e-005
5.87616e-005
5.70933e-005
5.80546e-005
5.71543e-005
5.83394e-005
5.76223e-005
5.79529e-005
5.8548e-005
5.72103e-005
5.85073e-005
5.87616e-005
5.75511e-005
5.85429e-005
5.91482e-005
5.92041e-005
5.78512e-005
5.88532e-005
5.79173e-005
5.86497e-005
5.90057e-005
5.95957e-005
5.85124e-005
5.84513e-005
5.90006e-005
5.91482e-005
5.89294e-005
5.86802e-005
5.9021e-005
5.97839e-005
5.79274e-005
5.93974e-005
6.00484e-005
5.92601e-005
5.97687e-005
5.97382e-005
6.01145e-005
6.03638e-005
6.02315e-005
5.91838e-005
6.02671e-005
5.95551e-005
5.96212e-005
5.96873e-005
6.04757e-005
6.15692e-005
6.13454e-005
6.08114e-005
6.06232e-005
6.11115e-005
6.20728e-005
6.0023e-005
6.08775e-005
6.09843e-005
6.13607e-005
6.12996e-005
6.04757e-005
6.11471e-005
6.073e-005
6.20626e-005
6.11216e-005
6.27797e-005
6.16252e-005
6.25051e-005
6.17269e-005
6.09131e-005
6.16811e-005
6.1259e-005
6.21948e-005
6.27238e-005
6.21134e-005
6.14675e-005
6.22966e-005
6.24034e-005
6.36292e-005
6.19558e-005
6.28154e-005
6.3914e-005
6.34308e-005
6.24339e-005
6.24542e-005
6.36902e-005
6.50991e-005
6.28459e-005
6.38377e-005
6.40106e-005
6.35427e-005
6.31358e-005
6.34206e-005
6.30849e-005
6.39903e-005
6.45243e-005
6.49719e-005
6.46973e-005
6.34766e-005
6.51093e-005
6.55823e-005
6.43005e-005
6.62689e-005
6.59231e-005
6.58264e-005
6.60604e-005
6.55772e-005
6.65639e-005
6.60451e-005
6.58061e-005
6.53941e-005
6.64876e-005
6.64419e-005
6.53127e-005
6.60451e-005
6.68284e-005
6.67165e-005
6.57043e-005
6.58671e-005
6.55518e-005
6.5745e-005
6.62587e-005
6.66809e-005
6.71082e-005
6.7627e-005
6.70369e-005
6.73777e-005
6.79474e-005
6.84204e-005
6.92851e-005
6.91274e-005
6.87866e-005
6.81254e-005
6.75507e-005
6.92291e-005
6.68589e-005
6.78609e-005
6.79474e-005
6.8807e-005
6.93766e-005
7.00887e-005
6.94326e-005
7.01599e-005
6.97072e-005
6.93614e-005
6.9514e-005
6.98395e-005
6.99514e-005
7.04295e-005
7.04702e-005
7.05109e-005
7.06889e-005
7.03023e-005
7.05668e-005
7.06482e-005
7.21436e-005
7.09991e-005
7.18587e-005
7.07703e-005
7.04498e-005
7.14925e-005
7.15383e-005
7.28353e-005
7.15892e-005
7.34965e-005
7.3115e-005
7.3054e-005
7.33236e-005
7.25505e-005
7.27946e-005
7.32371e-005
7.37152e-005
7.25047e-005
7.28302e-005
7.33795e-005
7.23572e-005
7.39899e-005
7.42035e-005
7.44222e-005
7.42391e-005
7.44425e-005
7.49207e-005
7.60244e-005
7.47019e-005
7.45494e-005
7.58158e-005
7.49919e-005
7.60091e-005
7.53581e-005
7.80843e-005
7.65177e-005
7.7006e-005
7.5943e-005
7.5292e-005
7.74078e-005
7.68738e-005
7.64821e-005
7.74384e-005
7.68026e-005
7.80894e-005
7.80182e-005
7.7774e-005
7.74333e-005
7.88829e-005
7.79266e-005
7.90405e-005
7.783e-005
7.91728e-005
7.93661e-005
7.97017e-005
8.02104e-005
8.00883e-005
7.94169e-005
7.97424e-005
8.03019e-005
8.03477e-005
8.01544e-005
8.11056e-005
8.21635e-005
8.15735e-005
0.000697678
9.27226e-005
9.15426e-005
9.20156e-005
9.27887e-005
9.2214e-005
9.45485e-005
9.37653e-005
9.38416e-005
9.38822e-005
9.41518e-005
9.33024e-005
9.40043e-005
9.5754e-005
9.69747e-005
9.51996e-005
9.69137e-005
9.71273e-005
9.73002e-005
9.76003e-005
9.73053e-005
9.93449e-005
9.87752e-005
9.94619e-005
0.000100947
9.87803e-005
0.00010169
0.000100159
0.00010139
0.000100871
0.000101313
0.000101568
0.00010291
0.000101766
0.000102392
0.000101949
0.00010378
0.000103221
0.000104197
0.000106115
0.000104609
0.000105347
0.000106288
0.000105632
0.000106084
0.000105499
0.00010791
0.000106791
0.000108068
0.000106669
0.000108637
0.000109014
0.000108693
0.000110123
0.000110565
0.00011027
0.000109716
0.000110265
0.000109599
0.000112183
0.000113464
0.000112935
0.000113647
0.000113688
0.000113429
0.000115723
0.00011323
0.000114466
0.000115748
0.000115921
0.000114807
0.000117238
0.000116328
0.000116842
0.000118296
0.000117584
0.000119395
0.000119812
0.000119863
0.000120046
0.00011971
0.000121078
0.000121404
0.000121195
0.000123154
0.00012203
0.00012296
0.000125122
0.000122762
0.000124268
0.00012382
0.000124736
0.000124364
0.000127248
0.000127706
0.000128489
0.000127731
0.000129008
0.000129456
0.000128749
0.000129974
0.000130468
0.000132345
0.000132955
0.000132634
0.000132706
0.000132589
0.000133784
0.000133087
0.000134435
0.000133199
0.000134516
0.000132853
0.000128916
0.000127004
0.000124441
0.000125712
0.000126506
0.000126027
0.000127879
0.00012738
0.000128036
0.000127869
0.000126953
0.000129313
0.000127752
0.000129873
0.000129211
0.00012943
0.000130224
0.000132065
0.000131989
0.000133687
0.000133489
0.000135544
0.00013445
0.000135773
0.00013562
0.000136332
0.000136444
0.000137705
0.000138112
0.000139776
0.000141113
0.000141144
0.000138652
0.000141978
0.000141581
0.000144145
0.000143651
0.000143855
0.000147227
0.000145523
0.000145788
0.000147827
0.000147883
0.000148031
0.000149033
0.000148839
0.000151204
0.000152186
0.000152593
0.000154811
0.000155594
0.000155436
0.000156835
0.000154882
0.000156998
0.000158122
0.0160772
0.000258982
0.000256831
0.000257802
0.000259232
0.000258453
0.000262309
0.000260045
0.000261408
0.000259649
0.000262878
0.000260646
0.000260824
0.000261648
0.000263234
0.000262441
0.000264328
0.000261648
0.000265513
0.000264638
0.000263875
0.000265116
0.000266093
0.000266073
0.00026413
0.000265879
0.00026417
0.000267044
0.00026621
0.00026766
0.00026742
0.000266836
0.000271093
0.000269216
0.000272497
0.000272069
0.000272558
0.000272614
0.000271423
0.000272308
0.000271703
0.000274694
0.000274078
0.00027328
0.000271271
0.00027241
0.000276271
0.000274501
0.000275482
0.000275177
0.000276057
0.000276469
0.000276316
0.00027739
0.000276082
0.000279811
0.000284439
0.000282013
0.000280935
0.000280894
0.000281372
0.000279332
0.000283137
0.000282949
0.0002836
0.000282181
0.000283315
0.000285863
0.000283666
0.00028893
0.000287842
0.000291011
0.00028892
0.0002904
0.000287898
0.000287374
0.000285029
0.000286301
0.00028712
0.000287832
0.000288798
0.000288366
0.000289663
0.00029332
0.000293055
0.000295939
0.00029746
0.000298706
0.000301707
0.000306671
0.000312439
0.000243774
0.000139699
0.000136826
0.000132029
0.000128291
0.000125214
0.000118963
0.000112412
0.000108037
0.000104787
9.95738e-005
9.27124e-005
9.00726e-005
8.47677e-005
8.05969e-005
7.60396e-005
7.10958e-005
6.68945e-005
6.06689e-005
5.55725e-005
5.17019e-005
4.55933e-005
4.09902e-005
3.71755e-005
3.35388e-005
2.95003e-005
2.59247e-005
2.3702e-005
1.98975e-005
1.69017e-005
1.51164e-005
1.33311e-005
1.12661e-005
9.6995e-006
7.74638e-006
7.03939e-006
5.63049e-006
4.68953e-006
3.88082e-006
3.51969e-006
2.81779e-006
2.24304e-006
1.9989e-006
1.39364e-006
8.13802e-007
6.91732e-007
4.52677e-007
2.84831e-007
2.13623e-007
1.2207e-007
4.57764e-008
5.08626e-008
1.01725e-008
0
5.08626e-009
0
0
0
0
0
0
0
0
0
0
0
0
0
0
0
0
0
0
0
0
0
0
0
0.174004
0
0
0
0
0
0
0
0
0
0
0
0
0
0
0
0
0
0
0
0
0
0
0
0
0
0
0
0
0
0
0
0
0
